<?xml version="1.0"?>
<opencv_storage>
<calibration_Time>"Fri 01 Mar 2019 11:35:08 PM GMT"</calibration_Time>
<nrOfFrames>25</nrOfFrames>
<image_Width>4608</image_Width>
<image_Height>2176</image_Height>
<board_Width>9</board_Width>
<board_Height>6</board_Height>
<square_Size>50.</square_Size>
<FixAspectRatio>1.</FixAspectRatio>
<!-- flags:  +fix_aspectRatio +fix_principal_point +zero_tangent_dist -->
<flagValue>14</flagValue>
<Camera_Matrix type_id="opencv-matrix">
  <rows>3</rows>
  <cols>3</cols>
  <dt>d</dt>
  <data>
    3.5725427737481637e+03 0. 2304. 0. 3.5725427737481637e+03 1088. 0.
    0. 1.</data></Camera_Matrix>
<Distortion_Coefficients type_id="opencv-matrix">
  <rows>5</rows>
  <cols>1</cols>
  <dt>d</dt>
  <data>
    0.23735615494810497, -2.0861482141646976, 0.0, 0.0, 4.9676081319138428</data></Distortion_Coefficients>
<Avg_Reprojection_Error>2.8463270517190615e+00</Avg_Reprojection_Error>
<Per_View_Reprojection_Errors type_id="opencv-matrix">
  <rows>25</rows>
  <cols>1</cols>
  <dt>f</dt>
  <data>
    3.01660347e+00 4.43413639e+00 2.24050665e+00 2.29808688e+00
    1.97730339e+00 1.97730339e+00 2.07650089e+00 2.05421686e+00
    2.26788831e+00 2.30596948e+00 2.88375759e+00 3.06352997e+00
    3.46401978e+00 3.57645750e+00 3.58819032e+00 3.52640557e+00
    3.59534645e+00 1.83141005e+00 1.84474444e+00 1.87564671e+00
    2.18975163e+00 2.67901945e+00 2.74218583e+00 3.03365803e+00
    4.11898518e+00</data></Per_View_Reprojection_Errors>
<!-- a set of 6-tuples (rotation vector + translation vector) for each view -->
<Extrinsic_Parameters type_id="opencv-matrix">
  <rows>25</rows>
  <cols>6</cols>
  <dt>d</dt>
  <data>
    -1.6702683778738725e-01 1.0205877648902548e+00
    2.9114636581779307e+00 1.9991691447047862e+02 5.3921700421182720e+01
    7.5709677136097332e+02 -9.1987105114931314e-02
    1.0370376197008220e+00 2.9508688401630878e+00 2.3837802594015565e+02
    7.1437994518274778e+01 5.3036732910457329e+02
    -1.7320017459964637e-01 4.5216020134450602e-01
    3.1017979698708475e+00 2.3387976276174791e+02 1.1020569748097431e+02
    6.7312463497798490e+02 -1.4090067182408794e-01
    -4.5593395136870529e-01 3.0837446401766551e+00
    2.4966967055189195e+02 1.3961102386419151e+02 7.5210988108441029e+02
    -1.0280642108116295e-01 3.7710859580993444e-01
    3.1066709099058150e+00 2.4204228266041386e+02 1.2264613105123085e+02
    6.8459827028422160e+02 -1.0280642108116296e-01
    3.7710859580993467e-01 3.1066709099058154e+00 2.4204228266041383e+02
    1.2264613105123087e+02 6.8459827028422160e+02 7.5451985936041077e-02
    -3.6127021720216346e-01 -3.1166687980751604e+00
    2.4701376533122513e+02 1.4068050069310351e+02 6.4718520684783448e+02
    -5.3753415686998644e-02 2.8200258304696946e-01
    3.1234749151515748e+00 2.5148704675063058e+02 1.0907680414660412e+02
    6.1304160467575082e+02 -5.5487370252651061e-02
    2.7445094661674707e-01 3.1134407428726747e+00 2.4858309035761272e+02
    1.0583076699677586e+02 6.1579924413061860e+02
    -3.9129943224129798e-02 2.6988754301634310e-01
    3.1096203561024613e+00 2.5832586240343443e+02 9.6888365682441446e+01
    6.1088555523265154e+02 -7.4684379714277382e-02
    5.3355369039202605e-01 3.0792482306204647e+00 2.6082898752810183e+02
    8.8790276305760457e+01 6.8254225010526409e+02
    -1.0859284660440262e-01 8.3361441822083227e-01
    3.0028226594674758e+00 2.6160521900495957e+02 1.0487002329156334e+02
    6.9650431150444899e+02 -1.2315442708369977e-01
    1.1356235833378194e+00 2.9068751496507375e+00 2.6054853301821078e+02
    1.1114210555310402e+02 6.2350604548913248e+02
    -1.2259904795128443e-01 1.1785527320623042e+00
    2.9074329427707259e+00 2.5726738024992676e+02 1.3297550276484512e+02
    6.2423548125815660e+02 -1.1400029447720189e-01
    1.1945383219326628e+00 2.8880245585533060e+00 2.6117502131078612e+02
    1.3736349343146759e+02 6.3107547681561732e+02
    -1.2094553708126635e-01 1.1988917462340118e+00
    2.8886539601985350e+00 2.6441062210264789e+02 1.3906127538166405e+02
    6.4263907664544161e+02 -1.2262113713039403e-01
    1.1971797869241463e+00 2.8926325553555947e+00 2.7142937847200301e+02
    1.3967310350736486e+02 6.3848745311589619e+02
    -1.8506578671061166e-01 -1.6730896971553141e-01
    3.0829407371517599e+00 2.5626617630818822e+02 1.0000037948653994e+02
    7.1190823411258566e+02 -1.9127689265479506e-01
    -1.5401470334719469e-01 3.0980159028123597e+00
    2.4670616128299582e+02 9.4966592760058333e+01 7.0117919469416245e+02
    -1.9018948203399694e-01 8.4652006276789232e-02
    3.0977978202708707e+00 2.2925085192352708e+02 1.1198709426748454e+02
    7.1709114506237188e+02 -1.6639486036476592e-01
    5.0890566308761920e-01 3.0892485906958416e+00 2.1598317721968783e+02
    1.1578702366560113e+02 7.2252201599148043e+02
    -1.2781990604470689e-01 7.1496759221248907e-01
    3.0282048791032912e+00 2.3073261372398051e+02 1.1730536304291806e+02
    7.2733440012284348e+02 -1.1721308376065293e-01
    8.7016526009282680e-01 2.9630228393894744e+00 2.2673786793591418e+02
    1.0807280354684887e+02 7.3668454185796463e+02
    -1.2054454214375775e-01 1.0290668289614353e+00
    2.9219096799065936e+00 2.3249699711760556e+02 1.0320915260836921e+02
    7.2578420252741216e+02 -1.3876932075082790e-01
    1.2040051667530127e+00 2.8824632444546650e+00 2.3470810928775333e+02
    1.7565788293644670e+02 7.0147336047131398e+02</data></Extrinsic_Parameters>
