<?xml version="1.0"?>
<opencv_storage>
<calibration_Time>"Thu 28 Feb 2019 08:09:03 PM GMT"</calibration_Time>
<nrOfFrames>7</nrOfFrames>
<image_Width>1728</image_Width>
<image_Height>816</image_Height>
<board_Width>9</board_Width>
<board_Height>6</board_Height>
<square_Size>50.</square_Size>
<FixAspectRatio>1.</FixAspectRatio>
<!-- flags:  +fix_aspectRatio +fix_principal_point +zero_tangent_dist -->
<flagValue>14</flagValue>
<Camera_Matrix type_id="opencv-matrix">
  <rows>3</rows>
  <cols>3</cols>
  <dt>d</dt>
  <data>
    1.3417848840283918e+03 0. 864. 0. 1.3417848840283918e+03 408. 0. 0.
    1.</data></Camera_Matrix>
<Distortion_Coefficients type_id="opencv-matrix">
  <rows>5</rows>
  <cols>1</cols>
  <dt>d</dt>
  <data>
    0.27785076540807491 -3.0953811058713820 0. 0. 8.9240790572315198 
    </data></Distortion_Coefficients>
<Avg_Reprojection_Error>5.0426970976628194e-01</Avg_Reprojection_Error>
<Per_View_Reprojection_Errors type_id="opencv-matrix">
  <rows>7</rows>
  <cols>1</cols>
  <dt>f</dt>
  <data>
    3.48704576e-01 5.91963589e-01 4.07270551e-01 6.92913234e-01
    3.98551255e-01 4.65119034e-01 5.35558581e-01</data></Per_View_Reprojection_Errors>
<!-- a set of 6-tuples (rotation vector + translation vector) for each view -->
<Extrinsic_Parameters type_id="opencv-matrix">
  <rows>7</rows>
  <cols>6</cols>
  <dt>d</dt>
  <data>
    5.4527740854373022e-02 -2.2524186651754924e-01
    -3.1316043460235292e+00 1.8764645300674997e+02
    1.3028853319531379e+02 7.2220354082002984e+02
    -2.2023433759208103e-01 7.0295046335258016e-01
    3.0209129813690572e+00 2.3628980732130961e+02 1.1240403162825011e+02
    6.4673497298831876e+02 -3.5617978212935797e-01
    8.1651958917022549e-01 2.7333462131796011e+00 2.2302934477984414e+02
    7.3846089740289472e+01 7.8183649914923978e+02
    -2.9043933863023025e-01 7.8913881252320750e-01
    2.9168225166411959e+00 1.9375183743618391e+02 7.9889733335635583e+01
    7.3160185999118971e+02 -2.3190800815752483e-01
    7.9713403737566535e-01 2.9511293885674852e+00 1.7926820088429355e+02
    9.1810195653611004e+01 7.1086704786762618e+02 1.1071785498835279e-01
    -7.6501273201650521e-01 -2.8701511640662210e+00
    1.2832808318836967e+02 1.1397235402221554e+02 6.5159512540175149e+02
    1.6971233244365444e-01 -7.9472736993606907e-01
    -2.9691509956868614e+00 1.3493114811512291e+02
    1.0248887384090014e+02 6.7476052497410092e+02</data></Extrinsic_Parameters>
<Image_points type_id="opencv-matrix">
  <rows>7</rows>
  <cols>54</cols>
  <dt>"2f"</dt>
  <data>
    1.21428711e+03 6.51370300e+02 1.12241614e+03 6.51817139e+02
    1.02917212e+03 6.51934204e+02 9.34823242e+02 6.52067871e+02
    8.40992004e+02 6.52284119e+02 7.46611877e+02 6.52592346e+02
    6.50918823e+02 6.52855652e+02 5.55777527e+02 6.52937134e+02
    4.60432343e+02 6.52697449e+02 1.21139148e+03 5.57527588e+02
    1.11968530e+03 5.57513000e+02 1.02716589e+03 5.57314636e+02
    9.33808655e+02 5.57040649e+02 8.41137024e+02 5.56869690e+02
    7.47776428e+02 5.57021301e+02 6.53222046e+02 5.57312378e+02
    5.58505432e+02 5.57434021e+02 4.63753876e+02 5.57283508e+02
    1.20822510e+03 4.65414093e+02 1.11703491e+03 4.65228424e+02
    1.02522314e+03 4.64790253e+02 9.32886047e+02 4.64499481e+02
    8.41223267e+02 4.64244995e+02 7.48984009e+02 4.64137482e+02
    6.55222229e+02 4.63843628e+02 5.61390930e+02 4.63790588e+02
    4.67386932e+02 4.63528259e+02 1.20481750e+03 3.74750092e+02
    1.11452148e+03 3.74546021e+02 1.02344159e+03 3.74231628e+02
    9.32060120e+02 3.73791656e+02 8.41229980e+02 3.73478271e+02
    7.50039917e+02 3.72802948e+02 6.57097473e+02 3.72393372e+02
    5.64169250e+02 3.71844025e+02 4.70993774e+02 3.71476166e+02
    1.20168457e+03 2.86469025e+02 1.11221497e+03 2.86249725e+02
    1.02211420e+03 2.85550140e+02 9.31517456e+02 2.85172150e+02
    8.41369324e+02 2.84617615e+02 7.50852661e+02 2.83610382e+02
    6.58641602e+02 2.82697937e+02 5.66642517e+02 2.82108704e+02
    4.74684631e+02 2.81532867e+02 1.19845190e+03 1.99318390e+02
    1.11033557e+03 1.98433838e+02 1.02094965e+03 1.97512543e+02
    9.30850891e+02 1.97472656e+02 8.41511169e+02 1.96695816e+02
    7.51634644e+02 1.95632370e+02 6.60353210e+02 1.94463928e+02
    5.69371277e+02 1.93362854e+02 4.78454620e+02 1.92748215e+02
    1.35434851e+03 6.41506104e+02 1.25772864e+03 6.44369812e+02
    1.15736035e+03 6.47349304e+02 1.05329749e+03 6.50605164e+02
    9.48026978e+02 6.52715149e+02 8.40376526e+02 6.55304321e+02
    7.28529297e+02 6.58678345e+02 6.14682068e+02 6.62567932e+02
    4.98454315e+02 6.65417725e+02 1.33316235e+03 5.43647400e+02
    1.23867505e+03 5.45489685e+02 1.14089563e+03 5.46881531e+02
    1.04026575e+03 5.48389282e+02 9.38343018e+02 5.49335266e+02
    8.34354614e+02 5.50958740e+02 7.26435913e+02 5.53485596e+02
    6.16515137e+02 5.55321899e+02 5.03881012e+02 5.57242859e+02
    1.31300305e+03 4.51928619e+02 1.22082678e+03 4.52626312e+02
    1.12561877e+03 4.53208252e+02 1.02820813e+03 4.53240417e+02
    9.29322571e+02 4.53784760e+02 8.28690430e+02 4.54408295e+02
    7.24545166e+02 4.54755676e+02 6.18250366e+02 4.55515015e+02
    5.09241058e+02 4.56232452e+02 1.29368445e+03 3.65691162e+02
    1.20397131e+03 3.65550873e+02 1.11142322e+03 3.65189667e+02
    1.01662726e+03 3.64712097e+02 9.20925049e+02 3.64515808e+02
    8.23571777e+02 3.63508850e+02 7.22692139e+02 3.62643738e+02
    6.19772766e+02 3.62323700e+02 5.14487000e+02 3.61797302e+02
    1.27554663e+03 2.85095154e+02 1.18811609e+03 2.84249115e+02
    1.09863867e+03 2.82294037e+02 1.00653802e+03 2.81313354e+02
    9.13436157e+02 2.80345795e+02 8.18801331e+02 2.78137787e+02
    7.20835754e+02 2.76086090e+02 6.21098511e+02 2.74892914e+02
    5.19403442e+02 2.73914124e+02 1.25807739e+03 2.08647064e+02
    1.17358948e+03 2.06265961e+02 1.08655579e+03 2.03576080e+02
    9.96646851e+02 2.02623550e+02 9.06355530e+02 2.00610535e+02
    8.14245605e+02 1.98116608e+02 7.19038635e+02 1.94919037e+02
    6.22454041e+02 1.92334457e+02 5.24253235e+02 1.90734619e+02
    1.24924060e+03 5.36022766e+02 1.17534399e+03 5.54323608e+02
    1.09747827e+03 5.73414307e+02 1.01573199e+03 5.93980957e+02
    9.31669495e+02 6.14253784e+02 8.44376953e+02 6.35427551e+02
    7.51594543e+02 6.58936951e+02 6.55426941e+02 6.83722168e+02
    5.54881409e+02 7.08539062e+02 1.21068311e+03 4.64237915e+02
    1.13764600e+03 4.80669037e+02 1.06147229e+03 4.97667938e+02
    9.82165833e+02 5.15550110e+02 9.00448242e+02 5.33536987e+02
    8.15302368e+02 5.53079102e+02 7.25372986e+02 5.74307983e+02
    6.32078186e+02 5.95534241e+02 5.34484924e+02 6.17894104e+02
    1.17434668e+03 3.96576630e+02 1.10267383e+03 4.11664001e+02
    1.02822314e+03 4.27214844e+02 9.50835999e+02 4.42677979e+02
    8.71190735e+02 4.59354980e+02 7.88334778e+02 4.76624542e+02
    7.01120850e+02 4.94704193e+02 6.10372009e+02 5.13741699e+02
    5.15669128e+02 5.33599609e+02 1.13976501e+03 3.33447296e+02
    1.06964465e+03 3.46959442e+02 9.96827087e+02 3.60809662e+02
    9.21496277e+02 3.75255768e+02 8.43648987e+02 3.90009247e+02
    7.63273560e+02 4.04691345e+02 6.78218201e+02 4.20568329e+02
    5.90009949e+02 4.37561401e+02 4.98248688e+02 4.55212738e+02
    1.10762695e+03 2.74187988e+02 1.03884131e+03 2.86660034e+02
    9.68116394e+02 2.98339264e+02 8.94331970e+02 3.11240417e+02
    8.18421082e+02 3.24493988e+02 7.39707397e+02 3.37381378e+02
    6.56940247e+02 3.51175476e+02 5.71038452e+02 3.66308502e+02
    4.82050262e+02 3.82040436e+02 1.07693701e+03 2.17951035e+02
    1.01019519e+03 2.28361420e+02 9.40616150e+02 2.38863480e+02
    8.68403320e+02 2.51244278e+02 7.94226868e+02 2.62702454e+02
    7.17347595e+02 2.74409149e+02 6.36495178e+02 2.86350433e+02
    5.53206726e+02 2.99101135e+02 4.66819885e+02 3.13207336e+02
    1.22274048e+03 5.57020264e+02 1.13679590e+03 5.63589478e+02
    1.04746655e+03 5.70512085e+02 9.54796570e+02 5.78181702e+02
    8.60884521e+02 5.84905640e+02 7.64402161e+02 5.92126282e+02
    6.63438171e+02 6.00624939e+02 5.60299316e+02 6.09697021e+02
